-0.027023 -0.548151 -0.110518 -0.750095 -0.052762 -0.348080 -0.116829 
-0.030822 -0.629705 -0.101473 -0.731981 -0.072297  0.226279 -0.078438 
-0.083391  0.128193 -0.046259 -0.124019  0.039000 -0.978555 -0.155058 
-0.066299  0.213857  0.009569  0.023227  0.057630 -0.972583 -0.122227 
 0.601296  0.264286  0.060398  0.322404 -0.634103 -0.242730 -0.015990 
 0.498017  0.352902 -0.076356  0.227087 -0.615290 -0.437559 -0.114536 
 0.601296  0.264286  0.060398  0.322404 -0.634103 -0.242730 -0.015990 
-0.066299  0.213857  0.009569  0.023227  0.057630 -0.972583 -0.122227 
 0.557190  0.284621 -0.080055  0.249025 -0.719385  0.150311 -0.089816 
 0.601296  0.264286  0.060398  0.322404 -0.634103 -0.242730 -0.015990 
-0.046734 -0.618958 -0.003504 -0.695093  0.105581  0.346976 -0.034419 
-0.046734 -0.618958 -0.003504 -0.695093  0.105581  0.346976 -0.034419 
-0.027023 -0.548151 -0.110518 -0.750095 -0.052762 -0.348080 -0.116829 
-0.046734 -0.618958 -0.003504 -0.695093  0.105581  0.346976 -0.034419 
-0.030822 -0.629705 -0.101473 -0.731981 -0.072297  0.226279 -0.078438 
 0.625781  0.230802  0.037164  0.209510 -0.587075  0.406444 -0.053028 
 0.649642  0.246169  0.062558  0.266734 -0.664170  0.034393 -0.023253 
 0.625781  0.230802  0.037164  0.209510 -0.587075  0.406444 -0.053028 
 0.649642  0.246169  0.062558  0.266734 -0.664170  0.034393 -0.023253 
 0.498017  0.352902 -0.076356  0.227087 -0.615290 -0.437559 -0.114536 
 0.625781  0.230802  0.037164  0.209510 -0.587075  0.406444 -0.053028 
 0.557190  0.284621 -0.080055  0.249025 -0.719385  0.150311 -0.089816 
 0.649642  0.246169  0.062558  0.266734 -0.664170  0.034393 -0.023253 
-0.083391  0.128193 -0.046259 -0.124019  0.039000 -0.978555 -0.155058 
-0.093933 -0.447033 -0.071257 -0.461047 -0.056859  0.755290 -0.073869 
-0.149647 -0.132471 -0.030113 -0.090140 -0.021468  0.974969 -0.075186 
-0.046734 -0.618958 -0.003504 -0.695093  0.105581  0.346976 -0.034419 
-0.093933 -0.447033 -0.071257 -0.461047 -0.056859  0.755290 -0.073869 
 0.260560  0.101945 -0.061649  0.136504 -0.466679  0.825526 -0.087414 
 0.601296  0.264286  0.060398  0.322404 -0.634103 -0.242730 -0.015990 
-0.149647 -0.132471 -0.030113 -0.090140 -0.021468  0.974969 -0.075186 
-0.157229 -0.082546 -0.002587 -0.018526 -0.009229  0.983885 -0.072766 
 0.625781  0.230802  0.037164  0.209510 -0.587075  0.406444 -0.053028 
 0.260560  0.101945 -0.061649  0.136504 -0.466679  0.825526 -0.087414 
 0.649642  0.246169  0.062558  0.266734 -0.664170  0.034393 -0.023253 
-0.185494 -0.092667  0.013579 -0.066031  0.145152  0.965086 -0.069408 
-0.162005 -0.091261  0.000969 -0.046921  0.036028  0.980778 -0.068375 
-0.156439 -0.087554 -0.002309 -0.032944  0.001989  0.983243 -0.069853 
-0.157229 -0.082546 -0.002587 -0.018526 -0.009229  0.983885 -0.072766 
-0.185494 -0.092667  0.013579 -0.066031  0.145152  0.965086 -0.069408 
-0.162005 -0.091261  0.000969 -0.046921  0.036028  0.980778 -0.068375 
-0.156439 -0.087554 -0.002309 -0.032944  0.001989  0.983243 -0.069853 
 0.288209  0.191561 -0.072779  0.128245 -0.107271  0.920320 -0.136803 
 0.288209  0.191561 -0.072779  0.128245 -0.107271  0.920320 -0.136803 
 0.288209  0.191561 -0.072779  0.128245 -0.107271  0.920320 -0.136803 
 0.188354  0.330041 -0.057747  0.110979 -0.268504 -0.876271 -0.153833 
-0.066299  0.213857  0.009569  0.023227  0.057630 -0.972583 -0.122227 
 0.288209  0.191561 -0.072779  0.128245 -0.107271  0.920320 -0.136803 
-0.185494 -0.092667  0.013579 -0.066031  0.145152  0.965086 -0.069408 
-0.007989 -0.017272 -0.038837  0.029736 -0.185247  0.981289 -0.082932 
-0.157229 -0.082546 -0.002587 -0.018526 -0.009229  0.983885 -0.072766 
 0.188354  0.330041 -0.057747  0.110979 -0.268504 -0.876271 -0.153833 
-0.007989 -0.017272 -0.038837  0.029736 -0.185247  0.981289 -0.082932 
-0.162005 -0.091261  0.000969 -0.046921  0.036028  0.980778 -0.068375 
-0.156439 -0.087554 -0.002309 -0.032944  0.001989  0.983243 -0.069853 
 0.601296  0.264286  0.060398  0.322404 -0.634103 -0.242730 -0.015990 
-0.063496  0.214085  0.009892  0.030861  0.055364 -0.972636 -0.120106 
 0.649642  0.246169  0.062558  0.266734 -0.664170  0.034393 -0.023253 
-0.063496  0.214085  0.009892  0.030861  0.055364 -0.972636 -0.120106 
-0.453161  0.059773  0.081008 -0.195828  0.743976  0.438931 -0.235559 
-0.063496  0.214085  0.009892  0.030861  0.055364 -0.972636 -0.120106 
 0.625781  0.230802  0.037164  0.209510 -0.587075  0.406444 -0.053028 
-0.074384  0.214478  0.010069  0.011054  0.069057 -0.971326 -0.127289 
-0.084933  0.215438  0.010703 -0.004085  0.083350 -0.969172 -0.133979 
-0.453161  0.059773  0.081008 -0.195828  0.743976  0.438931 -0.235559 
-0.046734 -0.618958 -0.003504 -0.695093  0.105581  0.346976 -0.034419 
-0.074384  0.214478  0.010069  0.011054  0.069057 -0.971326 -0.127289 
-0.084933  0.215438  0.010703 -0.004085  0.083350 -0.969172 -0.133979 
-0.084343  0.213461  0.009548 -0.006394  0.082285 -0.969751 -0.133951 
 0.288209  0.191561 -0.072779  0.128245 -0.107271  0.920320 -0.136803 
-0.453161  0.059773  0.081008 -0.195828  0.743976  0.438931 -0.235559 
-0.150874  0.228353  0.020525 -0.047523  0.185779 -0.942284 -0.172183 
-0.074384  0.214478  0.010069  0.011054  0.069057 -0.971326 -0.127289 
-0.080917  0.216967  0.009809 -0.002502  0.078693 -0.969579 -0.133953 
-0.084933  0.215438  0.010703 -0.004085  0.083350 -0.969172 -0.133979 
-0.150874  0.228353  0.020525 -0.047523  0.185779 -0.942284 -0.172183 
-0.121620  0.197161  0.001363 -0.065557  0.138195 -0.960697 -0.159739 
-0.073547  0.250619  0.004365 -0.012838  0.090040 -0.960984 -0.163848 
-0.150874  0.228353  0.020525 -0.047523  0.185779 -0.942284 -0.172183 
 0.601296  0.264286  0.060398  0.322404 -0.634103 -0.242730 -0.015990 
 0.649642  0.246169  0.062558  0.266734 -0.664170  0.034393 -0.023253 
-0.307333 -0.048550  0.052024 -0.134484  0.483569  0.805331 -0.125959 
-0.244042 -0.078151  0.035379 -0.102727  0.335865  0.899848 -0.090125 
 0.625781  0.230802  0.037164  0.209510 -0.587075  0.406444 -0.053028 
-0.307333 -0.048550  0.052024 -0.134484  0.483569  0.805331 -0.125959 
-0.244042 -0.078151  0.035379 -0.102727  0.335865  0.899848 -0.090125 
-0.046734 -0.618958 -0.003504 -0.695093  0.105581  0.346976 -0.034419 
 0.288209  0.191561 -0.072779  0.128245 -0.107271  0.920320 -0.136803 
-0.307333 -0.048550  0.052024 -0.134484  0.483569  0.805331 -0.125959 
-0.244042 -0.078151  0.035379 -0.102727  0.335865  0.899848 -0.090125 
 0.194344  0.142799 -0.089283  0.073027  0.003078  0.963600 -0.144036 
-0.179298 -0.420343 -0.073651 -0.504859  0.324042  0.652575 -0.089316 
-0.228256 -0.331750 -0.104276 -0.407481  0.407742  0.703330 -0.114820 
 0.194344  0.142799 -0.089283  0.073027  0.003078  0.963600 -0.144036 
 0.194344  0.142799 -0.089283  0.073027  0.003078  0.963600 -0.144036 
-0.179298 -0.420343 -0.073651 -0.504859  0.324042  0.652575 -0.089316 
-0.228256 -0.331750 -0.104276 -0.407481  0.407742  0.703330 -0.114820 
-0.179298 -0.420343 -0.073651 -0.504859  0.324042  0.652575 -0.089316 
-0.268114 -0.263949 -0.067444 -0.380408  0.464349  0.702543 -0.131727 
-0.228256 -0.331750 -0.104276 -0.407481  0.407742  0.703330 -0.114820 
-0.406780 -0.226264 -0.124191 -0.594005  0.644206  0.008247 -0.294995 
-0.027023 -0.548151 -0.110518 -0.750095 -0.052762 -0.348080 -0.116829 
-0.083391  0.128193 -0.046259 -0.124019  0.039000 -0.978555 -0.155058 
 0.194344  0.142799 -0.089283  0.073027  0.003078  0.963600 -0.144036 
 0.194344  0.142799 -0.089283  0.073027  0.003078  0.963600 -0.144036 
 0.498017  0.352902 -0.076356  0.227087 -0.615290 -0.437559 -0.114536 
 0.495261  0.372597 -0.127525  0.234952 -0.383218  0.630529 -0.202249 
 0.188354  0.330041 -0.057747  0.110979 -0.268504 -0.876271 -0.153833 
-0.179298 -0.420343 -0.073651 -0.504859  0.324042  0.652575 -0.089316 
-0.245094 -0.256332 -0.059382 -0.341252  0.418457  0.761011 -0.111937 
-0.228256 -0.331750 -0.104276 -0.407481  0.407742  0.703330 -0.114820 
-0.231521 -0.247960 -0.054719 -0.313320  0.378423  0.800341 -0.102115 
-0.179298 -0.420343 -0.073651 -0.504859  0.324042  0.652575 -0.089316 
-0.228256 -0.331750 -0.104276 -0.407481  0.407742  0.703330 -0.114820 
-0.030822 -0.629705 -0.101473 -0.731981 -0.072297  0.226279 -0.078438 
 0.194344  0.142799 -0.089283  0.073027  0.003078  0.963600 -0.144036 
 0.557190  0.284621 -0.080055  0.249025 -0.719385  0.150311 -0.089816 
 0.381639  0.246676 -0.100391  0.179857 -0.288640  0.817168 -0.148332 
-0.179298 -0.420343 -0.073651 -0.504859  0.324042  0.652575 -0.089316 
-0.211205 -0.225785 -0.048026 -0.260291  0.288075  0.866815 -0.092048 
-0.228256 -0.331750 -0.104276 -0.407481  0.407742  0.703330 -0.114820 
-0.093933 -0.447033 -0.071257 -0.461047 -0.056859  0.755290 -0.073869 
-0.149647 -0.132471 -0.030113 -0.090140 -0.021468  0.974969 -0.075186 
 0.260560  0.101945 -0.061649  0.136504 -0.466679  0.825526 -0.087414 
-0.007989 -0.017272 -0.038837  0.029736 -0.185247  0.981289 -0.082932 
 0.242010  0.142443 -0.077144  0.124352 -0.241876  0.917182 -0.119392 
-0.027023 -0.548151 -0.110518 -0.750095 -0.052762 -0.348080 -0.116829 
-0.083391  0.128193 -0.046259 -0.124019  0.039000 -0.978555 -0.155058 
 0.498017  0.352902 -0.076356  0.227087 -0.615290 -0.437559 -0.114536 
 0.188354  0.330041 -0.057747  0.110979 -0.268504 -0.876271 -0.153833 
-0.030822 -0.629705 -0.101473 -0.731981 -0.072297  0.226279 -0.078438 
 0.557190  0.284621 -0.080055  0.249025 -0.719385  0.150311 -0.089816 
-0.093933 -0.447033 -0.071257 -0.461047 -0.056859  0.755290 -0.073869 
-0.149647 -0.132471 -0.030113 -0.090140 -0.021468  0.974969 -0.075186 
 0.260560  0.101945 -0.061649  0.136504 -0.466679  0.825526 -0.087414 
-0.007989 -0.017272 -0.038837  0.029736 -0.185247  0.981289 -0.082932 
-0.453161  0.059773  0.081008 -0.195828  0.743976  0.438931 -0.235559 
-0.098626 -0.589387  0.024639 -0.702831  0.187985  0.336124 -0.063124 
-0.150874  0.228353  0.020525 -0.047523  0.185779 -0.942284 -0.172183 
-0.377794 -0.166267  0.232301 -0.527743  0.673707  0.208012 -0.265705 
-0.307333 -0.048550  0.052024 -0.134484  0.483569  0.805331 -0.125959 
-0.088577 -0.579791  0.021788 -0.663990  0.165180  0.432846 -0.049340 
-0.221800 -0.232512  0.144500 -0.338657  0.371354  0.789475 -0.115855 
-0.084933  0.215438  0.010703 -0.004085  0.083350 -0.969172 -0.133979 
-0.054006 -0.243751  0.318581 -0.485393  0.195975 -0.749775 -0.187595 
-0.054508 -0.543976  0.391164 -0.622508  0.170819  0.362510 -0.141532 
-0.244042 -0.078151  0.035379 -0.102727  0.335865  0.899848 -0.090125 
-0.091287 -0.560184  0.020016 -0.628184  0.153025  0.509341 -0.046633 
-0.173352 -0.202687  0.091153 -0.226774  0.228942  0.903724 -0.075165 
 0.061725 -0.045747  0.186372 -0.092570 -0.027147 -0.974708 -0.093344 
-0.007815 -0.661692  0.012195 -0.723047  0.044590  0.192794 -0.023742 
-0.085225  0.136382  0.012109 -0.095440  0.086359 -0.978480 -0.139503 
 0.015250 -0.673907  0.019667 -0.728034  0.011266  0.122760 -0.018998 
 0.133306 -0.319166  0.382757 -0.222511 -0.112526 -0.819565 -0.112243 
-0.007815 -0.661692  0.012195 -0.723047  0.044590  0.192794 -0.023742 
 0.015250 -0.673907  0.019667 -0.728034  0.011266  0.122760 -0.018998 
-0.077535 -0.378427  0.208484 -0.350146  0.075255  0.824045 -0.077241 
-0.185494 -0.092667  0.013579 -0.066031  0.145152  0.965086 -0.069408 
-0.162005 -0.091261  0.000969 -0.046921  0.036028  0.980778 -0.068375 
-0.120424 -0.448333  0.014617 -0.477042  0.121123  0.736235 -0.054500 
-0.156347 -0.136050  0.031072 -0.105654  0.094208  0.967493 -0.062526 
 0.074584 -0.635857  0.019325 -0.599167 -0.070013 -0.475233 -0.028081 
 0.061545 -0.687729  0.028600 -0.705041 -0.053595 -0.149892 -0.016748 
-0.066299  0.213857  0.009569  0.023227  0.057630 -0.972583 -0.122227 
-0.063496  0.214085  0.009892  0.030861  0.055364 -0.972636 -0.120106 
-0.074384  0.214478  0.010069  0.011054  0.069057 -0.971326 -0.127289 
-0.065077  0.212033  0.010705  0.022480  0.057018 -0.973106 -0.121730 
-0.007815 -0.661692  0.012195 -0.723047  0.044590  0.192794 -0.023742 
 0.007001 -0.670712  0.009694 -0.736219  0.011963  0.088548 -0.026132 
 0.015250 -0.673907  0.019667 -0.728034  0.011266  0.122760 -0.018998 
 0.074584 -0.635857  0.019325 -0.599167 -0.070013 -0.475233 -0.028081 
 0.061545 -0.687729  0.028600 -0.705041 -0.053595 -0.149892 -0.016748 
 0.076435 -0.657824  0.540702 -0.349925 -0.202694  0.324859 -0.162317 
-0.007815 -0.661692  0.012195 -0.723047  0.044590  0.192794 -0.023742 
 0.015250 -0.673907  0.019667 -0.728034  0.011266  0.122760 -0.018998 
-0.156439 -0.087554 -0.002309 -0.032944  0.001989  0.983243 -0.069853 
-0.123245 -0.182769  0.058470 -0.123990  0.018103  0.965550 -0.061502 
 0.074584 -0.635857  0.019325 -0.599167 -0.070013 -0.475233 -0.028081 
 0.040558 -0.674194  0.009927 -0.715927 -0.043238 -0.171165 -0.029217 
 0.061545 -0.687729  0.028600 -0.705041 -0.053595 -0.149892 -0.016748 
 0.074584 -0.635857  0.019325 -0.599167 -0.070013 -0.475233 -0.028081 
 0.061545 -0.687729  0.028600 -0.705041 -0.053595 -0.149892 -0.016748 
-0.157229 -0.082546 -0.002587 -0.018526 -0.009229  0.983885 -0.072766 
-0.113994 -0.194696  0.084271 -0.074149 -0.045625  0.966653 -0.076517 
-0.007815 -0.661692  0.012195 -0.723047  0.044590  0.192794 -0.023742 
 0.006334 -0.671289  0.009276 -0.729422  0.009700  0.130744 -0.023628 
 0.015250 -0.673907  0.019667 -0.728034  0.011266  0.122760 -0.018998 
-0.007815 -0.661692  0.012195 -0.723047  0.044590  0.192794 -0.023742 
-0.002489 -0.666625  0.008824 -0.717554  0.008616  0.201416 -0.025885 
 0.015250 -0.673907  0.019667 -0.728034  0.011266  0.122760 -0.018998 
 0.074584 -0.635857  0.019325 -0.599167 -0.070013 -0.475233 -0.028081 
 0.039177 -0.687323  0.009375 -0.717678 -0.046380 -0.093555 -0.025309 
 0.061545 -0.687729  0.028600 -0.705041 -0.053595 -0.149892 -0.016748 
 0.074584 -0.635857  0.019325 -0.599167 -0.070013 -0.475233 -0.028081 
 0.023936 -0.696124  0.008811 -0.715059 -0.048373  0.033332 -0.029903 
 0.061545 -0.687729  0.028600 -0.705041 -0.053595 -0.149892 -0.016748 
 0.028795 -0.151154  0.254994 -0.092741 -0.044398  0.949068 -0.090064 
 0.442605  0.144451  0.221446  0.207292 -0.466942  0.687890 -0.077317 
-0.096614 -0.112692  0.061513 -0.045950 -0.015034  0.985822 -0.062771 
-0.156439 -0.087554 -0.002309 -0.032944  0.001989  0.983243 -0.069853 
 0.049880 -0.024411  0.074247  0.049055 -0.165257  0.980657 -0.066663 
 0.356172 -0.011475  0.594546  0.367127 -0.516942  0.342803 -0.170701 
 0.548014  0.276859  0.215383  0.432995 -0.620489 -0.064405 -0.059809 
-0.244042 -0.078151  0.035379 -0.102727  0.335865  0.899848 -0.090125 
-0.143676 -0.121404  0.100420 -0.138296  0.197688  0.946746 -0.079108 
-0.001933 -0.026708  0.106598 -0.042671  0.059186  0.991260 -0.086588 
 0.247462 -0.144576  0.741588 -0.220558 -0.067943  0.560932 -0.255818 
 0.622185  0.278711  0.288316  0.280991 -0.581120  0.188212 -0.098707 
-0.074633 -0.091953  0.087320  0.037831 -0.091757  0.984124 -0.077246 
-0.157229 -0.082546 -0.002587 -0.018526 -0.009229  0.983885 -0.072766 
 0.156627  0.054026  0.109017  0.207393 -0.336075  0.897054 -0.082340 
-0.185494 -0.092667  0.013579 -0.066031  0.145152  0.965086 -0.069408 
-0.145329 -0.107206  0.032465 -0.073366  0.080268  0.976989 -0.063120 
-0.162005 -0.091261  0.000969 -0.046921  0.036028  0.980778 -0.068375 
-0.098449 -0.075978  0.034925 -0.042230  0.035368  0.990091 -0.065606 
 0.294500  0.125965  0.369827  0.245709 -0.289509 -0.785138 -0.103720 
 0.501175  0.291786  0.186909  0.379851 -0.521078 -0.461455 -0.050918 
-0.307333 -0.048550  0.052024 -0.134484  0.483569  0.805331 -0.125959 
-0.184906 -0.107842  0.170677 -0.215133  0.347680  0.870566 -0.130790 
 0.050342  0.048293  0.183204 -0.057130  0.118435  0.971740 -0.145091 
 0.107419  0.142750  0.368515 -0.097750  0.035979 -0.906328 -0.209421 
 0.525240  0.359797  0.252234  0.245474 -0.457832 -0.511057 -0.133335 
-0.084933  0.215438  0.010703 -0.004085  0.083350 -0.969172 -0.133979 
 0.140400  0.162907  0.182641  0.131103 -0.114145 -0.943491 -0.088626 
 0.381714  0.288893  0.145568  0.298261 -0.381492 -0.717740 -0.063863 
-0.453161  0.059773  0.081008 -0.195828  0.743976  0.438931 -0.235559 
-0.375397  0.058018  0.313378 -0.392101  0.748753  0.207681 -0.345378 
 0.045766  0.456474  0.468227 -0.165138  0.489635  0.550716 -0.516068 
-0.150874  0.228353  0.020525 -0.047523  0.185779 -0.942284 -0.172183 
-0.066299  0.213857  0.009569  0.023227  0.057630 -0.972583 -0.122227 
-0.064517  0.213363  0.010720  0.023952  0.056412 -0.972853 -0.121686 
-0.063496  0.214085  0.009892  0.030861  0.055364 -0.972636 -0.120106 
-0.074384  0.214478  0.010069  0.011054  0.069057 -0.971326 -0.127289 
-0.061426  0.215011  0.010992  0.026135  0.053158 -0.972814 -0.121609 
-0.229523 -0.145746 -0.142045 -0.209131  0.457042  0.808256 -0.152459 
-0.118879  0.009558 -0.146511 -0.051516  0.363070  0.910954 -0.169163 
 0.048979  0.199070 -0.054070  0.367263 -0.018186 -0.905448 -0.067484 
-0.229523 -0.145746 -0.142045 -0.209131  0.457042  0.808256 -0.152459 
-0.118879  0.009558 -0.146511 -0.051516  0.363070  0.910954 -0.169163 
-0.229523 -0.145746 -0.142045 -0.209131  0.457042  0.808256 -0.152459 
-0.118879  0.009558 -0.146511 -0.051516  0.363070  0.910954 -0.169163 
 0.048979  0.199070 -0.054070  0.367263 -0.018186 -0.905448 -0.067484 
 0.048979  0.199070 -0.054070  0.367263 -0.018186 -0.905448 -0.067484 
-0.229523 -0.145746 -0.142045 -0.209131  0.457042  0.808256 -0.152459 
-0.118879  0.009558 -0.146511 -0.051516  0.363070  0.910954 -0.169163 
-0.229523 -0.145746 -0.142045 -0.209131  0.457042  0.808256 -0.152459 
-0.118879  0.009558 -0.146511 -0.051516  0.363070  0.910954 -0.169163 
-0.453161  0.059773  0.081008 -0.195828  0.743976  0.438931 -0.235559 
-0.292570 -0.097621 -0.063327 -0.233396  0.526735  0.754281 -0.164501 
-0.227687 -0.002443 -0.068611 -0.138341  0.476901  0.834789 -0.178104 
-0.374782  0.170824 -0.112050 -0.291232  0.587941 -0.622344 -0.357195 
-0.325191  0.362164 -0.139391 -0.176724  0.598005 -0.595665 -0.439120 
-0.068228  0.198057 -0.037913 -0.042120  0.027862 -0.975772 -0.149478 
-0.039972  0.230551 -0.037828 -0.005872 -0.003392 -0.971479 -0.149330 
 0.048979  0.199070 -0.054070  0.367263 -0.018186 -0.905448 -0.067484 
 0.048979  0.199070 -0.054070  0.367263 -0.018186 -0.905448 -0.067484 
-0.063496  0.214085  0.009892  0.030861  0.055364 -0.972636 -0.120106 
-0.307333 -0.048550  0.052024 -0.134484  0.483569  0.805331 -0.125959 
-0.250150 -0.114011 -0.050991 -0.196229  0.440232  0.830371 -0.126668 
-0.195034 -0.035951 -0.054715 -0.117261  0.395245  0.887528 -0.136279 
-0.244042 -0.078151  0.035379 -0.102727  0.335865  0.899848 -0.090125 
-0.227534 -0.119289 -0.044814 -0.172406  0.374979  0.872730 -0.109291 
-0.179089 -0.051614 -0.047791 -0.103811  0.334628  0.916639 -0.117018 
-0.229523 -0.145746 -0.142045 -0.209131  0.457042  0.808256 -0.152459 
-0.118879  0.009558 -0.146511 -0.051516  0.363070  0.910954 -0.169163 
-0.115004  0.215500  0.001703 -0.042791  0.129931 -0.960009 -0.157670 
-0.107132  0.225908  0.002184 -0.031851  0.121804 -0.960017 -0.157963 
-0.150874  0.228353  0.020525 -0.047523  0.185779 -0.942284 -0.172183 
-0.068228  0.198057 -0.037913 -0.042120  0.027862 -0.975772 -0.149478 
-0.039972  0.230551 -0.037828 -0.005872 -0.003392 -0.971479 -0.149330 
-0.144994 -0.098359 -0.026779 -0.051539 -0.027029  0.982445 -0.074840 
-0.131588 -0.081728 -0.026984 -0.033566 -0.042887  0.986058 -0.075599 
 0.048979  0.199070 -0.054070  0.367263 -0.018186 -0.905448 -0.067484 
-0.185494 -0.092667  0.013579 -0.066031  0.145152  0.965086 -0.069408 
-0.197773 -0.118706 -0.037548 -0.132713  0.249213  0.930411 -0.092399 
-0.160721 -0.067733 -0.039545 -0.081279  0.218577  0.955843 -0.097604 
-0.068228  0.198057 -0.037913 -0.042120  0.027862 -0.975772 -0.149478 
-0.039972  0.230551 -0.037828 -0.005872 -0.003392 -0.971479 -0.149330 
-0.083968  0.214759  0.009543 -0.004889  0.081854 -0.969543 -0.133871 
-0.074384  0.214478  0.010069  0.011054  0.069057 -0.971326 -0.127289 
-0.083345  0.215519  0.009585 -0.004036  0.081195 -0.969487 -0.133861 
-0.084933  0.215438  0.010703 -0.004085  0.083350 -0.969172 -0.133979 
-0.068228  0.198057 -0.037913 -0.042120  0.027862 -0.975772 -0.149478 
-0.039972  0.230551 -0.037828 -0.005872 -0.003392 -0.971479 -0.149330 
-0.066299  0.213857  0.009569  0.023227  0.057630 -0.972583 -0.122227 
-0.144994 -0.098359 -0.026779 -0.051539 -0.027029  0.982445 -0.074840 
-0.131588 -0.081728 -0.026984 -0.033566 -0.042887  0.986058 -0.075599 
-0.144994 -0.098359 -0.026779 -0.051539 -0.027029  0.982445 -0.074840 
-0.131588 -0.081728 -0.026984 -0.033566 -0.042887  0.986058 -0.075599 
-0.162005 -0.091261  0.000969 -0.046921  0.036028  0.980778 -0.068375 
-0.156439 -0.087554 -0.002309 -0.032944  0.001989  0.983243 -0.069853 
-0.144994 -0.098359 -0.026779 -0.051539 -0.027029  0.982445 -0.074840 
-0.131588 -0.081728 -0.026984 -0.033566 -0.042887  0.986058 -0.075599 
-0.157229 -0.082546 -0.002587 -0.018526 -0.009229  0.983885 -0.072766 
-0.027180  0.270843  0.043703  0.503162  0.020195 -0.818789 -0.082217 
-0.288958  0.277585  0.065565  0.807123 -0.003857  0.428588 -0.234330 
-0.027180  0.270843  0.043703  0.503162  0.020195 -0.818789 -0.082217 
-0.027180  0.270843  0.043703  0.503162  0.020195 -0.818789 -0.082217 
 0.048682  0.199603 -0.053100  0.368191 -0.018509 -0.905020 -0.067318 
 0.240100  0.303487 -0.019416  0.452579 -0.234098 -0.768272 -0.051062 
-0.003566  0.245237  0.035755  0.402248  0.022451 -0.881056 -0.064719 
-0.288958  0.277585  0.065565  0.807123 -0.003857  0.428588 -0.234330 
-0.288958  0.277585  0.065565  0.807123 -0.003857  0.428588 -0.234330 
 0.048154  0.200127 -0.053574  0.370247 -0.018812 -0.904060 -0.068095 
 0.240100  0.303487 -0.019416  0.452579 -0.234098 -0.768272 -0.051062 
 0.381451  0.319805 -0.102474  0.471202 -0.606461  0.389734 -0.143848 
-0.168701 -0.062790  0.000559  0.033623 -0.017839  0.982929 -0.085097 
-0.007989 -0.017272 -0.038837  0.029736 -0.185247  0.981289 -0.082932 
-0.027180  0.270843  0.043703  0.503162  0.020195 -0.818789 -0.082217 
-0.027180  0.270843  0.043703  0.503162  0.020195 -0.818789 -0.082217 
-0.003566  0.245237  0.035755  0.402248  0.022451 -0.881056 -0.064719 
 0.098937  0.254113 -0.046101  0.417961 -0.074612 -0.862122 -0.062892 
 0.058538  0.209488 -0.052430  0.376951 -0.029203 -0.898329 -0.066461 
-0.003566  0.245237  0.035755  0.402248  0.022451 -0.881056 -0.064719 
 0.048748  0.199484 -0.052978  0.367478 -0.018410 -0.905342 -0.067177 
 0.240100  0.303487 -0.019416  0.452579 -0.234098 -0.768272 -0.051062 
 0.475566  0.287704  0.035481  0.391298 -0.504840 -0.530874 -0.023838 
-0.002280  0.233270  0.029768  0.323481  0.025700 -0.916184 -0.065517 
-0.288958  0.277585  0.065565  0.807123 -0.003857  0.428588 -0.234330 
-0.288958  0.277585  0.065565  0.807123 -0.003857  0.428588 -0.234330 
-0.168701 -0.062790  0.000559  0.033623 -0.017839  0.982929 -0.085097 
 0.098937  0.254113 -0.046101  0.417961 -0.074612 -0.862122 -0.062892 
 0.058538  0.209488 -0.052430  0.376951 -0.029203 -0.898329 -0.066461 
 0.100327  0.261737 -0.053180  0.433001 -0.084040 -0.850910 -0.070142 
-0.168701 -0.062790  0.000559  0.033623 -0.017839  0.982929 -0.085097 
-0.144994 -0.098359 -0.026779 -0.051539 -0.027029  0.982445 -0.074840 
-0.131588 -0.081728 -0.026984 -0.033566 -0.042887  0.986058 -0.075599 
 0.475566  0.287704  0.035481  0.391298 -0.504840 -0.530874 -0.023838 
 0.260560  0.101945 -0.061649  0.136504 -0.466679  0.825526 -0.087414 
 0.240100  0.303487 -0.019416  0.452579 -0.234098 -0.768272 -0.051062 
 0.409552  0.370864 -0.078307  0.460987 -0.490677 -0.485101 -0.095463 
-0.045616  0.217087  0.012380  0.087789  0.039001 -0.970263 -0.106751 
-0.027180  0.270843  0.043703  0.503162  0.020195 -0.818789 -0.082217 
-0.003566  0.245237  0.035755  0.402248  0.022451 -0.881056 -0.064719 
 0.026035  0.087117 -0.054179  0.256898  0.006902 -0.960601 -0.070336 
 0.048043  0.193247 -0.053870  0.361543 -0.017445 -0.909081 -0.067410 
 0.116593  0.233267  0.169755  0.516953 -0.180772 -0.776696 -0.087555 
-0.003566  0.245237  0.035755  0.402248  0.022451 -0.881056 -0.064719 
 0.272834  0.301851  0.118580  0.516824 -0.324994 -0.669072 -0.062042 
-0.002280  0.233270  0.029768  0.323481  0.025700 -0.916184 -0.065517 
 0.098937  0.254113 -0.046101  0.417961 -0.074612 -0.862122 -0.062892 
 0.058538  0.209488 -0.052430  0.376951 -0.029203 -0.898329 -0.066461 
-0.002280  0.233270  0.029768  0.323481  0.025700 -0.916184 -0.065517 
 0.048674  0.199431 -0.052895  0.366671 -0.018306 -0.905692 -0.067182 
 0.475566  0.287704  0.035481  0.391298 -0.504840 -0.530874 -0.023838 
 0.240100  0.303487 -0.019416  0.452579 -0.234098 -0.768272 -0.051062 
 0.346546  0.352988 -0.066874  0.361583 -0.403351 -0.676313 -0.097398 
 0.083870 -0.575121  0.014056 -0.510878 -0.081639 -0.627967 -0.032922 
 0.234993  0.273057  0.094630  0.411700 -0.248083 -0.793865 -0.048501 
 0.240100  0.303487 -0.019416  0.452579 -0.234098 -0.768272 -0.051062 
-0.288958  0.277585  0.065565  0.807123 -0.003857  0.428588 -0.234330 
-0.168701 -0.062790  0.000559  0.033623 -0.017839  0.982929 -0.085097 
-0.149647 -0.132471 -0.030113 -0.090140 -0.021468  0.974969 -0.075186 
 0.026035  0.087117 -0.054179  0.256898  0.006902 -0.960601 -0.070336 
-0.009183  0.033201 -0.101790  0.252390 -0.000394 -0.961640 -0.118733 
 0.048043  0.193247 -0.053870  0.361543 -0.017445 -0.909081 -0.067410 
-0.128530  0.044343  0.116533  0.387487 -0.155154  0.890907 -0.152297 
-0.168701 -0.062790  0.000559  0.033623 -0.017839  0.982929 -0.085097 
 0.096660  0.217501  0.128899  0.595151 -0.385607  0.651028 -0.156774 
-0.045616  0.217087  0.012380  0.087789  0.039001 -0.970263 -0.106751 
 0.098937  0.254113 -0.046101  0.417961 -0.074612 -0.862122 -0.062892 
 0.058538  0.209488 -0.052430  0.376951 -0.029203 -0.898329 -0.066461 
 0.101016  0.256950 -0.050777  0.419859 -0.079943 -0.859373 -0.066213 
-0.045616  0.217087  0.012380  0.087789  0.039001 -0.970263 -0.106751 
 0.475566  0.287704  0.035481  0.391298 -0.504840 -0.530874 -0.023838 
 0.557190  0.284621 -0.080055  0.249025 -0.719385  0.150311 -0.089816 
 0.083870 -0.575121  0.014056 -0.510878 -0.081639 -0.627967 -0.032922 
-0.093933 -0.447033 -0.071257 -0.461047 -0.056859  0.755290 -0.073869 
-0.026480  0.224862  0.007232  0.088620  0.016743 -0.969819 -0.108614 
 0.188354  0.330041 -0.057747  0.110979 -0.268504 -0.876271 -0.153833 
-0.003566  0.245237  0.035755  0.402248  0.022451 -0.881056 -0.064719 
 0.079826 -0.560449  0.025316 -0.478832 -0.081525 -0.665550 -0.038372 
 0.057321  0.084170  0.183474  0.390985 -0.122165 -0.887791 -0.098928 
-0.002280  0.233270  0.029768  0.323481  0.025700 -0.916184 -0.065517 
 0.026035  0.087117 -0.054179  0.256898  0.006902 -0.960601 -0.070336 
 0.048043  0.193247 -0.053870  0.361543 -0.017445 -0.909081 -0.067410 
 0.106512  0.205800  0.115575  0.353491 -0.110679 -0.892042 -0.058222 
-0.002280  0.233270  0.029768  0.323481  0.025700 -0.916184 -0.065517 
 0.098937  0.254113 -0.046101  0.417961 -0.074612 -0.862122 -0.062892 
 0.058538  0.209488 -0.052430  0.376951 -0.029203 -0.898329 -0.066461 
 0.099726  0.255862 -0.050144  0.412626 -0.078253 -0.863534 -0.066316 
 0.098937  0.254113 -0.046101  0.417961 -0.074612 -0.862122 -0.062892 
 0.058538  0.209488 -0.052430  0.376951 -0.029203 -0.898329 -0.066461 
 0.083870 -0.575121  0.014056 -0.510878 -0.081639 -0.627967 -0.032922 
 0.475566  0.287704  0.035481  0.391298 -0.504840 -0.530874 -0.023838 
 0.498017  0.352902 -0.076356  0.227087 -0.615290 -0.437559 -0.114536 
 0.080951 -0.542069  0.024927 -0.466812 -0.078525 -0.689135 -0.037432 
 0.177932  0.257119  0.074096  0.327803 -0.177744 -0.870455 -0.054524 
 0.475566  0.287704  0.035481  0.391298 -0.504840 -0.530874 -0.023838 
-0.168701 -0.062790  0.000559  0.033623 -0.017839  0.982929 -0.085097 
 0.063610 -0.627568  0.027585 -0.521487 -0.092709 -0.566399 -0.052471 
-0.183504 -0.068426  0.120856  0.290721 -0.112755  0.921849 -0.162761 
-0.045616  0.217087  0.012380  0.087789  0.039001 -0.970263 -0.106751 
 0.026035  0.087117 -0.054179  0.256898  0.006902 -0.960601 -0.070336 
 0.014979  0.052109 -0.079476  0.218167  0.004176 -0.971149 -0.088650 
 0.048043  0.193247 -0.053870  0.361543 -0.017445 -0.909081 -0.067410 
-0.045616  0.217087  0.012380  0.087789  0.039001 -0.970263 -0.106751 
-0.046156  0.213377  0.006013  0.070470  0.037448 -0.972592 -0.110128 
-0.068228  0.198057 -0.037913 -0.042120  0.027862 -0.975772 -0.149478 
 0.047383  0.199536 -0.052673  0.361582 -0.017690 -0.907806 -0.068125 
-0.042642  0.217264  0.006219  0.075306  0.033720 -0.971664 -0.109888 
-0.039972  0.230551 -0.037828 -0.005872 -0.003392 -0.971479 -0.149330 
 0.083870 -0.575121  0.014056 -0.510878 -0.081639 -0.627967 -0.032922 
-0.030822 -0.629705 -0.101473 -0.731981 -0.072297  0.226279 -0.078438 
-0.002280  0.233270  0.029768  0.323481  0.025700 -0.916184 -0.065517 
 0.065919  0.104981  0.118083  0.255087 -0.066517 -0.949314 -0.062175 
 0.026035  0.087117 -0.054179  0.256898  0.006902 -0.960601 -0.070336 
 0.048043  0.193247 -0.053870  0.361543 -0.017445 -0.909081 -0.067410 
 0.026035  0.087117 -0.054179  0.256898  0.006902 -0.960601 -0.070336 
 0.014225  0.059464 -0.074097  0.195301  0.006770 -0.976004 -0.087032 
 0.048043  0.193247 -0.053870  0.361543 -0.017445 -0.909081 -0.067410 
 0.072328  0.201651  0.081078  0.258956 -0.062657 -0.936241 -0.061370 
 0.083870 -0.575121  0.014056 -0.510878 -0.081639 -0.627967 -0.032922 
-0.027023 -0.548151 -0.110518 -0.750095 -0.052762 -0.348080 -0.116829 
 0.078676 -0.516599  0.024696 -0.449943 -0.074425 -0.719957 -0.039704 
 0.083870 -0.575121  0.014056 -0.510878 -0.081639 -0.627967 -0.032922 
-0.045616  0.217087  0.012380  0.087789  0.039001 -0.970263 -0.106751 
-0.047434  0.206511  0.005974  0.063956  0.038890 -0.974405 -0.110147 
-0.083391  0.128193 -0.046259 -0.124019  0.039000 -0.978555 -0.155058 
 0.044074  0.133536  0.081141  0.189485 -0.031745 -0.967848 -0.063580 
 0.521067  0.341750 -0.139060  0.302787 -0.658665  0.258531 -0.139743 
 0.520504  0.362179 -0.132886  0.351534 -0.673745  0.052287 -0.131697 
 0.557190  0.284621 -0.080055  0.249025 -0.719385  0.150311 -0.089816 
 0.042558  0.249667 -0.448389  0.170232 -0.011569  0.840053 -0.387550 
 0.205029  0.466344 -0.422315  0.552764 -0.316329 -0.395632 -0.354851 
 0.474380  0.410906 -0.120974  0.268704 -0.570353 -0.440432 -0.156813 
 0.433781  0.388992 -0.106594  0.278942 -0.532455 -0.536507 -0.137815 
 0.498017  0.352902 -0.076356  0.227087 -0.615290 -0.437559 -0.114536 
 0.188354  0.330041 -0.057747  0.110979 -0.268504 -0.876271 -0.153833 
 0.206625  0.107340 -0.082623  0.143585 -0.392723  0.874134 -0.104019 
 0.224504  0.126986 -0.086517  0.179258 -0.432547  0.840689 -0.108587 
 0.260560  0.101945 -0.061649  0.136504 -0.466679  0.825526 -0.087414 
-0.007989 -0.017272 -0.038837  0.029736 -0.185247  0.981289 -0.082932 
-0.262248 -0.153976 -0.398156 -0.244245  0.336517  0.759006 -0.330038 
-0.172762  0.126760 -0.690252  0.237286  0.067938 -0.645536 -0.555809 
 0.092356  0.586685 -0.576847  0.225338  0.008110 -0.513493 -0.582533 
 0.116586  0.344528 -0.214533  0.275138 -0.144448 -0.851538 -0.216068 
-0.039972  0.230551 -0.037828 -0.005872 -0.003392 -0.971479 -0.149330 
-0.065786  0.002658 -0.153150  0.032528 -0.030370  0.985002 -0.153458 
-0.030303  0.091345 -0.207402  0.213439 -0.181234  0.932373 -0.207077 
-0.131588 -0.081728 -0.026984 -0.033566 -0.042887  0.986058 -0.075599 
-0.230101 -0.487309 -0.250815 -0.588141  0.230379  0.497686 -0.201273 
-0.236883 -0.592799 -0.406651 -0.627687  0.126852 -0.130493 -0.318674 
-0.030822 -0.629705 -0.101473 -0.731981 -0.072297  0.226279 -0.078438 
-0.359046  0.011275 -0.593876 -0.361708  0.525898 -0.332970 -0.569318 
-0.052022  0.162393 -0.256448  0.080233  0.044454 -0.946965 -0.245355 
-0.068228  0.198057 -0.037913 -0.042120  0.027862 -0.975772 -0.149478 
-0.175193 -0.133286 -0.158486 -0.116083  0.105135  0.949682 -0.151114 
-0.188800 -0.091967 -0.235628  0.028758 -0.010641  0.948386 -0.224054 
-0.144994 -0.098359 -0.026779 -0.051539 -0.027029  0.982445 -0.074840 
-0.254277 -0.436629 -0.297638 -0.699755  0.287919 -0.289061 -0.285064 
-0.129304 -0.233338 -0.243443 -0.388094  0.097161 -0.842325 -0.232791 
-0.027023 -0.548151 -0.110518 -0.750095 -0.052762 -0.348080 -0.116829 
-0.083391  0.128193 -0.046259 -0.124019  0.039000 -0.978555 -0.155058 
-0.182605 -0.307740 -0.126872 -0.307319  0.088747  0.868063 -0.120736 
-0.195145 -0.333972 -0.163446 -0.281139  0.022998  0.862611 -0.155213 
-0.093933 -0.447033 -0.071257 -0.461047 -0.056859  0.755290 -0.073869 
-0.149647 -0.132471 -0.030113 -0.090140 -0.021468  0.974969 -0.075186 
